0.00393368
0.13735
0.231707
0.0361139
0.00233094
0.0227759
0.539423
0.00671714
0.0494184
0.479562
0.166352
0.599846
0.0940708
0.0181733
0.0473575
0.0364933
0.0370006
0.0251956
0.185438
0.0393262
0.657577
0.0168012
0.00600353
0.0658903
0.0790049
0.108068
0.0630849
0.0602414
0.0846865
0.105411
0.184818
0.00622568
0.557301
0.258834
0.238644
0.00625678
0.175585
0.0624082
0.356566
0.0110197
0.0384572
0.301884
0.00232427
0.426236
0.302892
0.0151053
0.0992796
0.0120367
0.193289
0.256675
0.00330655
0.153066
0.320059
0.00991926
0.0675898
0.307674
0.0248904
0.0687537
0.123129
0.00419821
0.300582
0.0118614
0.176751
0.0789526
0.050935
0.215889
0.0774345
0.064365
0.00261359
0.136685
0.0316973
0.0742396
0.0144379
0.00518776
0.282056
0.181634
0.0324189
0.11905
0.044918
0.0770799
0.209326
0.307622
0.077825
0.0148539
0.0278345
0.36271
0.0208658
0.0106155
0.140555
0.113468
0.0227447
0.0335113
0.113939
0.802375
0.00244711
0.00714703
0.0381266
0.00595961
0.00508728
0.0094904
0.102523
0.0081208
0.012476
0.00834073
0.0367376
0.11948
0.494039
0.0126111
0.0444949
0.029478
0.0896991
0.0517056
0.0781242
0.112237
0.0710013
0.0661517
0.511256
0.0330851
0.522643
0.0632947
0.102803
0.00472304
0.589196
0.0494333
0.0632898
0.0215365
0.00596763
0.312302
0.335151
0.0157879
0.00662671
0.358068
0.16529
0.029337
0.0443718
0.0150241
0.114412
0.212992
0.229308
0.101724
0.198347
0.0673395
0.205512
0.11583
0.0205154
0.143768
0.1773
0.11592
0.0623262
0.153799
0.128606
0.511168
0.103489
0.0436563
0.593668
0.21843
0.446609
0.0318366
0.0265655
0.195435
0.129685
0.109891
0.00950649
0.00944699
0.144532
0.27285
0.00137033
0.139167
0.415473
0.0487086
0.0913593
0.0373622
0.157201
0.131153
0.0950298
0.117453
0.104345
0.537024
0.0336958
0.0437405
0.00751434
0.101326
0.0678352
0.0355733
0.119914
0.0716561
0.0757289
0.0621591
0.185877
0.0740587
0.00294477
0.405287
0.121315
0.184383
0.113846
0.0220019
0.0294058
0.0245534
0.0252132
0.0175396
0.191783
0.0198632
0.00129679
0.154425
0.418647
0.330368
0.0786256
0.0734764
0.18476
0.0216618
0.229595
0.00705469
0.455173
0.442736
0.319432
0.00455295
0.0741879
0.896399
0.12789
0.141732
0.0625895
0.109992
0.0613512
0.0280774
0.011026
0.0637228
0.372855
0.13237
0.136179
0.0106015
0.134736
0.201634
0.240886
0.249462
0.257703
0.036189
0.00250065
0.0242821
0.0864354
0.09742
0.146163
0.00438441
0.0084513
0.481305
0.069606
0.0446563
0.0323786
0.0129257
0.0221148
0.00422915
0.0398286
0.00425867
0.0102947
0.0294806
0.0842919
0.167625
0.0075819
0.00138713
0.015088
0.00753684
0.541585
0.0064321
0.00974733
0.0299215
0.0182947
0.0860961
0.188096
0.125106
0.0967896
0.0175094
0.109297
0.718521
0.0695269
0.0209831
0.0794315
0.0165824
0.0729897
0.0218366
0.517667
0.00792575
0.101606
0.460639
0.109196
0.0261365
0.138835
0.0203034
0.100367
0.00897378
0.240808
0.276039
0.09928
0.00239952
0.106427
0.434431
0.180532
0.207592
0.428571
0.685791
0.254913
0.0930848
0.0232814
0.096696
0.0205361
0.146931
0.21978
0.160984
0.0145523
0.142999
0.0435971
0.0138643
0.090648
0.0233853
0.355887
0.0426808
0.00150472
0.763371
0.241407
0.243897
0.0122612
0.0791586
0.00547875
0.0187337
0.0523621
0.0311399
0.0085856
0.0147749
0.00416423
0.0253509
0.133178
0.00367487
0.0978445
0.0140616
0.0417607
0.208369
0.0155508
0.0666654
0.0282707
0.406277
0.293541
0.0261298
0.210284
0.0237704
0.00621221
0.00653409
0.0513058
0.089984
0.000615136
0.0827556
0.237093
0.0284406
0.051119
0.677523
0.0113276
0.0286674
0.115514
0.146909
0.367701
0.457632
0.00315161
0.0536359
0.0565198
0.139701
0.00855543
0.0350688
0.0717408
0.00512261
0.194365
0.0293253
0.0517691
0.00285042
0.00790374
0.0321372
0.0464563
0.0550307
0.725471
0.0717736
0.0081423
0.319617
0.00464089
0.23694
0.0107715
0.139012
0.00672164
0.221291
0.114791
0.0610461
0.0400038
0.214649
0.0819915
0.00253128
0.078492
0.0108976
0.110781
0.283901
0.27249
0.0688887
0.0476024
0.0213382
0.195572
0.0281434
0.142752
0.0449366
0.0455999
0.0273907
0.0359054
0.159617
0.0899198
0.148419
0.0189994
0.0998734
0.00866219
0.200624
0.127457
0.0731486
0.0249085
0.0712742
0.031556
0.230031
0.10753
0.340867
0.0465567
0.235766
0.0162173
0.0768979
0.0476217
0.0434645
0.254022
0.0439547
0.0823778
0.0224447
0.0365614
0.0697883
0.0815326
0.181119
0.330924
0.00380011
0.0162139
0.0344205
0.0151481
0.0282291
0.40852
0.360993
0.748948
0.0063794
0.857098
0.0555503
0.335678
0.0655256
0.0197102
0.00108968
0.00946703
0.759722
0.257804
0.0537405
0.0443411
0.0638327
0.14715
0.0471222
0.0243432
0.0465251
0.0386602
0.140719
0.117187
0.0352823
0.259818
0.0632107
0.00102354
0.00621314
0.160072
0.123512
0.136795
0.0336202
0.0801174
0.0217623
0.0273028
0.0544526
0.154403
0.333296
0.0174038
0.00968791
0.0470163
0.00178644
0.0250562
0.0603273
0.00458705
0.0450013
0.167536
0.163631
0.0581574
0.0286766
0.113008
0.0191107
0.0127023
0.0961717
0.0145569
0.0130151
0.0711001
0.0433413
0.0504145
0.0566315
0.021534
0.0234176
0.234404
0.0754938
0.444412
0.0155022
0.504666
0.0143552
0.0781851
0.00557687
0.0979527
0.00188652
0.0911082
0.0380989
0.380418
0.0166332
0.0810114
0.0100676
0.0250324
0.257533
0.278581
0.0596019
0.0416024
0.00271906
0.514132
0.0177283
0.0815323
0.246054
0.0631242
0.0523752
0.121732
0.0145575
0.0690367
0.0254598
0.17133
0.04546
0.0768895
0.0716674
0.518714
0.0606645
0.00467355
0.124199
0.0181464
0.0200416
0.00903919
0.273522
0.184109
0.0112415
0.0472054
0.0641855
0.300984
0.0716212
0.0465922
0.00854452
0.136822
0.0444308
0.0499151
0.00737546
0.224195
0.00281699
0.030193
0.0566755
0.519262
0.382778
0.224818
0.286292
0.19288
0.0255392
0.0615666
0.0312741
0.0195076
0.00812437
0.170168
0.17604
0.123296
0.115978
0.127644
0.014813
0.0704648
0.147547
0.0198985
0.0418013
0.0900284
0.108394
0.05736
0.0146487
0.114794
0.0163639
0.0385444
0.011687
0.10252
0.227397
0.00904621
0.066558
0.549994
0.0198013
0.606255
0.011843
0.294021
0.00959678
0.0283104
0.0463116
0.600511
0.0280055
0.00784469
0.371436
0.592922
0.851492
0.0787805
0.0828514
0.298024
0.776258
0.0456719
0.0119137
0.392949
0.0102922
0.105968
0.0660222
0.106565
0.121617
0.102091
0.066823
0.0905077
0.0445046
0.449543
0.0283631
0.019305
0.129992
0.198765
0.00764323
0.197801
0.158158
0.483223
0.110693
0.00325129
0.173011
0.222198
0.0177992
0.00748264
0.0203449
0.12917
0.14074
0.18321
0.0834883
0.530104
0.0122651
0.0913176
0.165661
0.186304
0.0726222
0.0796474
0.210489
0.0681656
0.0153963
0.0849699
0.00108384
0.247402
0.0247743
0.151895
0.112303
0.127882
0.0783359
0.250155
0.0220742
0.00690358
0.00941452
0.0195372
0.13307
0.0528103
0.254453
0.538108
0.229331
0.0234988
0.0403588
0.0485598
0.186205
0.0439143
0.0373433
0.0506637
0.028264
0.0266989
0.0240432
0.13004
0.19251
0.0538483
0.130712
0.23897
0.169504
0.0224434
0.138868
0.0654374
0.0491929
0.0241259
0.191177
0.0957234
0.00814874
0.00162081
0.0153578
0.0808389
0.377154
0.0799786
0.125035
0.0635999
0.00470154
0.0221336
0.0321897
0.385149
0.118139
0.50948
0.0219449
0.33645
0.0181186
0.00684417
0.0110488
0.129545
0.0429997
0.0285618
0.398682
0.015433
0.0798069
0.0258669
0.0788651
0.0340516
0.0887288
0.323091
0.379946
0.0917132
0.0641997
0.017533
0.230678
0.37078
0.0704948
0.00385534
0.00155618
0.182461
0.100206
0.539268
0.0241877
0.529732
0.026605
0.198849
0.204811
0.118838
0.00945272
0.0520838
0.0332071
0.0229531
0.018616
0.241515
0.254345
0.0124973
0.0685865
0.0623445
0.0283472
0.0757976
0.0472813
0.0273882
0.00720381
0.00602689
0.255336
0.00231263
0.361141
0.236505
0.00526147
0.100173
0.345562
0.378078
0.325363
0.0885438
0.130594
0.007471
0.557709
0.0909115
0.0522596
0.00669706
0.00670956
0.0209545
0.0112966
0.150091
0.0959364
0.00907347
0.0464855
0.0466003
0.352859
0.115417
0.0964545
0.0361169
0.502016
0.0912244
0.163222
0.343103
0.130777
0.0157587
0.178552
0.254613
0.0890861
0.546761
0.295523
0.00315736
0.10731
0.150652
0.00846472
0.000215797
0.00119178
0.0823517
0.127034
0.0522626
0.0376328
0.0186653
0.303753
0.00911386
0.33194
0.79057
0.0299659
0.216884
0.0321404
0.437171
0.363028
0.00628378
0.197177
0.0358525
0.472391
0.00943065
0.22155
0.602014
0.0045503
0.0150678
0.038355
0.187781
0.114705
0.00451244
0.695198
0.336647
0.0220735
0.00241698
0.0404731
0.324383
0.00459626
0.346253
0.315249
0.0386235
0.0785882
0.0411391
0.0872702
0.0345133
0.0211108
0.122112
0.0348973
0.0208423
0.0155913
0.0290163
0.0191392
0.0341968
0.548752
0.372516
0.073958
0.228366
0.173819
0.167737
0.0251302
0.0266935
0.258032
0.0353144
0.254474
0.195333
0.599767
0.0422751
0.0254534
0.45289
0.0609828
0.0760398
0.0207244
0.0858898
0.0130011
0.123918
0.238477
0.0348172
0.023091
0.0503407
0.0266348
0.075105
0.0237018
0.10308
0.0708293
0.2844
0.149441
0.245471
0.049182
0.0679328
0.655187
0.125386
0.172147
0.0187434
0.102139
0.0549661
0.0131414
0.0312438
0.035552
0.184892
0.0394386
0.34979
0.266581
0.0212171
0.0889918
0.022447
0.204835
0.0183678
0.0263134
0.154121
0.193232
0.211906
0.125335
0.00496546
0.300259
0.0418216
0.0264775
0.00381106
0.01389
0.294678
0.0671614
0.157697
0.0788682
0.183832
0.393085
0.124343
0.259438
0.0665055
0.0198634
0.00673868
0.244208
0.169326
0.0248475
0.0256411
0.0368104
0.0929471
0.0460125
0.152663
0.499351
0.0115894
0.212816
0.14311
0.0143227
0.00598354
0.284872
0.250641
0.0483653
0.169798
0.139289
0.21114
0.13256
0.133081
0.171855
0.0337019
0.0135864
0.015721
0.110092
0.0881159
0.0183634
0.1485
0.0104618
0.0686031
0.199996
0.0461625
0.0392673
0.656746
0.0525827
0.130035
0.118956
0.181183
0.829184
0.00415691
0.0758624
0.0176794
0.083982
0.0572352
0.0221567
0.0829482
0.0461387
0.114105
0.00155637
0.00138543
0.0228971
0.013427
0.0413268
0.00647805
0.0400733
0.0434546
0.0823053
0.338635
0.310425
0.0324997
0.125402
0.0270909
0.0398497
0.0148954
0.285557
0.083137
0.0419114
0.527449
0.106996
0.115171
0.532052
0.0684983
0.021273
0.0793156
0.0326642
0.0667914
0.0802084
0.224082
0.149591
0.117998
0.102899
0.062924
0.422195
0.00220019
0.0322453
0.0710325
0.00155605
0.0283778
0.0482244
0.248161
0.00332939
0.0567793
0.00211997
0.109599
0.00755501
0.00995434
0.0315176
0.707377
0.117066
0.271113
0.0103107
0.868601
0.290328
0.0687216
0.0409135
0.179463
0.00341887
0.00420649
0.0754398
0.03511
0.0171613
0.712893
0.0752238
0.0412918
0.171912
0.15675
0.00573632
0.232667
0.183994
0.241569
0.0270704
0.0123529
0.0113384
0.00624103
0.0947892
0.066537
0.0106018
0.910946
0.183452
0.244403
0.185634
0.0279724
0.185526
0.106257
0.186094
0.345042
0.0599819
0.479947
0.00805227
0.0895075
0.153166
0.212943
0.0365343
0.0887751
0.0608085
0.0235033
0.00619465
0.101551
0.0349596
0.0298637
0.0504979
0.0685276
0.236931
0.0171651
0.450471
0.15402
0.0216263
0.556726
0.0020908
0.0061644
0.105113
0.0852298
0.0825617
0.158372
0.526129
0.520284
0.0198781
0.0442189
0.0105957
0.363184
0.00369782
0.0242496
0.00501284
0.0221554
0.0945837
0.265259
0.0187171
0.088225
0.0281232
0.243114
0.800553
0.0702213
0.103213
0.241546
0.145154
0.00464156
0.0143256
0.833621
0.0851329
0.0206303
0.0178378
0.104887
0.0156146
0.0490636
0.823428
0.0524771
0.0376822
0.0079561
0.0188546
0.182697
0.717816
0.0374779
0.101947
0.0243661
0.0358621
0.0287313
0.0764074
0.00609914
0.0187353
0.205212
0.231794
0.00136954
0.11995
0.0290849
0.223152
0.00964829
0.333089
0.0157584
0.0390849
0.304461
0.0759727
0.311144
0.258054
0.25879
0.168631
0.0355433
0.0957573
0.263622
0.0375317
0.462126
0.0379853
0.0378597
0.0153316
0.00776755
0.574908
0.0233815
0.0300136
0.0323387
0.0190343
0.0359483
0.0848688
0.0269152
0.0477748
0.0332314
0.00533245
0.00244239
0.0769572
0.00698913
0.117948
0.00555935
0.00537319
0.213748
0.257854
0.0359641
0.0950076
0.129809
0.181388
0.163711
0.412235
0.0139019
0.0375323
0.159609
0.0336638
0.161963
0.26594
0.117532
0.0204574
0.0202949
0.00997505
0.0694634
0.0347759
0.0368472
0.00923596
0.0184484
0.326233
0.0240392
0.0119669
0.291634
0.286599
0.300266
0.107755
0.0455167
0.0446042
0.119642
0.00980594
0.102507
0.066865
0.0151193
0.00155298
0.0718771
0.0383533
0.810105
0.0202149
0.0249487
0.0140947
0.0207191
0.485517
0.0224066
0.0463682
0.306957
0.690842
0.0809394
0.0575566
0.115529
0.0032755
0.241772
0.0983945
0.378425
0.0647122
0.0779709
0.158123
0.0110351
0.010289
0.195967
0.036372
0.0586128
0.04386
0.00609633
0.205886
0.140149
0.00397012
0.0219162
0.0264967
0.104473
0.0720827
0.00642676
0.00756969
0.0130194
0.00206712
0.016551
0.0068664
0.0311684
0.183654
0.145368
0.00545975
0.00711405
0.0716209
0.0764569
0.306056
0.210746
0.070606
0.0116545
0.0209165
0.0472081
0.0641865
0.217176
0.0480928
0.036581
0.082711
0.00659091
0.339483
0.146132
0.795012
0.0471438
0.018525
0.0902014
0.393546
0.0265933
0.00509862
0.0418099
0.0601809
0.0259182
0.309792
0.162834
0.0235113
0.123907
0.0856771
0.0866443
0.228703
0.164378
0.00120419
0.149771
0.0319731
0.177548
0.0753376
0.0345641
0.0106832
0.0135909
0.0141417
0.0283732
0.0548468
0.0235779
0.0588201
0.0841875
0.125544
0.0753165
0.00450834
0.398551
0.0193461
0.00320994
0.0264715
0.124958
0.687182
0.335234
0.592443
0.411253
0.0840404
0.00374672
0.242337
0.203099
0.093125
0.101733
0.0586813
0.087163
0.0678224
0.0778232
0.4458
0.15366
0.0414811
0.0116561
0.00268283
0.0114176
0.0226809
0.180619
0.193546
0.000710253
0.237495
0.00143658
0.179126
0.187378
0.257594
0.258912
0.0276481
0.0533618
0.0287564
0.0158318
0.00259298
0.101959
0.0161798
0.299837
0.139652
0.0145514
0.204996
0.127935
0.280194
0.0528403
0.349993
0.126346
0.0298518
0.0198313
0.00526049
0.450855
0.061843
0.0546356
0.155263
0.514225
0.098376
0.198243
0.0593495
0.0540448
0.00933163
0.0562994
0.00652773
0.00861719
0.0587734
0.01006
0.0558434
0.17711
0.0708738
0.736966
0.465896
0.0586044
0.217603
0.246941
0.262306
0.0281229
0.0113146
0.0448958
0.0207449
0.0013296
0.0648609
0.124165
0.157634
0.180915
0.0427311
0.00789722
0.0178812
0.15417
0.299456
0.0185551
0.0571123
0.0176126
0.0220998
0.289737
0.22501
0.0170829
0.0603608
0.0355321
0.724341
0.180277
0.0653742
0.340117
0.000940345
0.0822657
0.125969
0.00811655
0.000662188
0.0391249
0.185583
0.25832
0.0489715
0.035553
0.0937128
0.1689
0.308077
0.00909044
0.0580803
0.232786
0.0343707
0.257421
0.0983587
0.0249396
0.0039627
0.0499118
0.105842
0.00820027
0.398648
0.759215
0.308892
0.0819915
0.0494519
0.0369539
0.184509
0.113462
0.534135
0.269923
0.203197
0.0589654
0.0261856
0.0494839
0.0971708
0.00410816
0.02102
0.0249928
0.0679008
0.00446338
0.0670128
0.399956
0.113248
0.00975337
0.0638646
0.042377
0.0146051
0.00544936
0.0723107
0.173465
0.196148
0.0782602
0.385358
0.0172075
0.00560125
0.177362
0.112519
0.00245199
0.421479
0.128136
0.0737806
0.0245388
0.185074
0.0360768
0.0485273
0.0451267
0.00580071
0.18883
0.107646
0.516774
0.172443
0.0492946
0.0165442
0.129178
0.41167
0.00727073
0.116626
0.13029
0.244691
0.178003
0.00467995
0.0409823
0.00975948
0.028791
0.0290267
0.163942
0.219131
0.763394
0.122532
0.129294
